6512155
6512158
6512160
6512162
6512164
6512168
6512171
6512174
6512177
6512179
6512181
6512184
6512186
6512188
6512191
6512195
6512198
6512202
6512204
6512207
6512209
6512213
6512217
6512219
6512222
6512225
6512227
6512231
6512234
6512238
6512240
6512243
6512249
6512252
6512255
6512257
6512260
6512263
6512265
6512267
6512270
6512272
6512274
6512277
6512281
6512284
6512288
6512291
6512295
6512297
6512299
6512301
6512305
6512309
6512313
6512315
6512317
6512321
6512324
6512327
6512329
6512331
6512334
6512337
6512340
6512343
6512347
6512351
6512354
6512357
6512360
6512364
6512368
6512371
6512373
6512375
6512378
6512381
6512386
6512389
6512393
6512396
6512400
6512403
6512406
6512409
6512413
6512416
6512418
6512420
6512422
6512424
6512427
6512429
6512431
6512434
6512437
6512441
6512444
6512447
6512450
6512452
6512456
6512460
6512463
6512465
6512469
6512472
6512474
6512478
6512480
6512484
6512487
6512489
6512493
6512496
6512498
6512501
6512504
6512508
6512511
6512514
6512517
6512520
6512525
6512527
