6512156
6512161
6512165
6512167
6512170
6512173
6512175
6512178
6512182
6512185
6512189
6512193
6512197
6512199
6512201
6512205
6512210
6512212
6512215
6512218
6512220
6512223
6512226
6512229
6512233
6512236
6512239
6512242
6512245
6512247
6512251
6512253
6512256
6512258
6512261
6512264
6512269
6512273
6512276
6512278
6512280
6512282
6512285
6512289
6512293
6512296
6512300
6512303
6512307
6512311
6512314
6512318
6512320
6512323
6512326
6512330
6512333
6512336
6512339
6512342
6512345
6512348
6512350
6512353
6512355
6512358
6512361
6512366
6512369
6512374
6512377
6512380
6512383
6512385
6512388
6512391
6512395
6512397
6512399
6512401
6512404
6512408
6512411
6512414
6512417
6512421
6512426
6512430
6512433
6512436
6512438
6512440
6512442
6512445
6512448
6512453
6512455
6512457
6512461
6512464
6512467
6512471
6512476
6512479
6512483
6512485
6512488
6512490
6512492
6512495
6512497
6512500
6512503
6512507
6512510
6512513
6512516
6512519
6512521
6512523
6512526
6512531
6512534
6512537
6512540
6512543
