6565309
6565310
6565313
6565314
6565316
6565317
6565318
6565319
6565321
6565322
6565323
6565324
6565325
6565327
6565329
6565331
6565332
6565333
6565334
6565335
6565337
6565338
6565339
6565341
6565343
6565344
6565346
6565347
6565348
6565349
6565350
6565351
6565352
6565353
6565356
6565357
6565358
6565361
6565362
6565363
6565365
6565366
6565367
6565368
6565369
6565370
6565371
6565372
6565373
6565374
6565375
6565376
6565377
6565378
6565379
6565380
6565381
6565382
6565383
6565384
6565385
6565386
6565387
6565388
6565390
6565391
6565392
6565393
6565395
6565398
6565401
6565403
6565405
6565407
6565409
6565411
6565414
6565415
6565416
6565418
6565419
6565420
6565421
6565423
6565424
6565426
6565428
6565429
6565430
6565432
6565433
6565434
6565435
6565437
6565438
6565439
6565440
6565441
6565442
6565443
6565445
6565448
6565451
6565452
6565453
6565454
6565455
6565456
6565457
6565458
6565459
6565460
6565462
6565463
6565464
6565465
6565466
6565467
6565468
6565469
6565470
6565471
6565472
6565474
6565475
6565478
